var zonesODCTimes_json = [
    {"od": "1,10,18,14,13,16,19,34,37,34,21,28,26,20,24,30", "zoneName": "Zone1", "id": 1},
    {"od": "2,18,7,23,20,17,26,35,40,28,25,29,20,21,21,31", "zoneName": "Zone2", "id": 2},
    {"od": "3,14,23,9,12,16,14,28,31,29,15,22,26,16,24,26", "zoneName": "Zone3", "id": 3},
    {"od": "4,13,20,12,7,13,13,25,30,25,13,18,21,11,19,21", "zoneName": "Zone4", "id": 4},
    {"od": "5,16,17,16,13,9,19,28,33,24,19,22,17,13,15,22", "zoneName": "Zone5", "id": 5},
    {"od": "6,19,26,14,13,19,10,23,26,26,10,16,27,16,24,23", "zoneName": "Zone6", "id": 6},
    {"od": "7,34,35,28,25,28,23,10,20,11,19,16,20,20,22,11", "zoneName": "Zone7 - Universityy", "id": 7},
    {"od": "8,37,40,31,30,33,26,20,10,25,22,22,30,26,33,27", "zoneName": "Zone8", "id": 8},
    {"od": "9,34,28,29,25,24,26,11,25,10,22,16,14,21,17,11", "zoneName": "Zone9", "id": 9},
    {"od": "10,21,25,15,13,19,10,19,22,22,5,13,27,14,22,20", "zoneName": "Zone10", "id": 10},
    {"od": "11,27,29,22,19,22,16,16,22,16,13,3,23,14,19,15", "zoneName": "Zone11", "id": 11},
    {"od": "12,26,20,26,21,17,27,20,30,14,27,23,10,18,14,16", "zoneName": "Zone12", "id": 12},
    {"od": "13,21,21,16,11,13,16,20,26,21,14,14,18,4,14,17", "zoneName": "Zone13", "id": 13},
    {"od": "14,24,21,24,19,15,24,22,33,17,22,18,14,14,5,15", "zoneName": "Zone14", "id": 14},
    {"od": "15,31,31,26,21,22,23,11,27,11,20,15,16,17,15,6", "zoneName": "Zone15", "id": 15}
]
