var zonesODCTimes_json = [
    {"od": "1,20,16,13,12,14,18,28,31,29,18,24,24,18,21,26", "id": 1, "zoneName": "Zone1"},
    {"od": "2,16,14,19,18,15,22,29,33,26,22,24,18,19,18,27", "id": 2, "zoneName": "Zone2"},
    {"od": "3,13,19,18,12,15,13,24,26,26,14,19,24,14,21,22", "id": 3, "zoneName": "Zone3"},
    {"od": "4,12,18,12,14,12,13,21,26,22,12,16,19,11,17,19", "id": 4, "zoneName": "Zone4"},
    {"od": "5,14,15,14,12,18,17,24,28,21,16,19,16,12,14,19", "id": 5, "zoneName": "Zone5"},
    {"od": "6,18,22,13,13,17,20,19,22,22,10,14,24,14,21,20", "id": 6, "zoneName": "Zone6"},
    {"od": "7,28,29,24,21,24,19,20,19,11,16,15,20,18,21,11", "id": 7, "zoneName": "Zone7 - Universityy"},
    {"od": "8,31,33,27,26,28,22,19,20,23,19,19,29,22,29,25", "id": 8, "zoneName": "Zone8"},
    {"od": "9,29,26,26,22,21,22,11,23,20,19,15,13,19,17,11", "id": 9, "zoneName": "Zone9"},
    {"od": "10,18,22,14,12,16,10,16,19,19,10,11,23,12,19,17", "id": 10, "zoneName": "Zone10"},
    {"od": "11,24,24,19,16,19,14,15,19,15,11,6,21,13,17,13", "id": 11, "zoneName": "Zone11"},
    {"od": "12,24,18,24,19,16,23,20,29,13,23,21,20,16,13,16", "id": 12, "zoneName": "Zone12"},
    {"od": "13,18,18,14,11,12,14,18,22,19,12,13,16,8,13,15", "id": 13, "zoneName": "Zone13"},
    {"od": "14,21,18,21,17,14,21,21,29,16,19,17,13,13,10,14", "id": 14, "zoneName": "Zone14"},
    {"od": "15,26,26,22,19,19,20,11,25,11,17,13,16,15,14,12", "id": 15, "zoneName": "Zone15"}
]
