var zonesODCTimes_json = [
    {"zoneName": "Zone1", "id": 1, "od": "1,10,19,14,13,16,19,30,32,31,21,25,26,20,23,27"},
    {"zoneName": "Zone2", "id": 2, "od": "2,18,7,22,19,17,23,30,34,27,23,26,19,21,20,28"},
    {"zoneName": "Zone3", "id": 3, "od": "3,14,22,9,12,15,14,23,26,25,15,19,24,15,21,22"},
    {"zoneName": "Zone4", "id": 4, "od": "4,13,19,12,7,12,12,21,24,22,13,16,19,11,16,18"},
    {"zoneName": "Zone5", "id": 5, "od": "5,16,17,15,12,9,16,23,26,20,16,19,17,12,14,18"},
    {"zoneName": "Zone6", "id": 6, "od": "6,19,23,14,12,16,10,19,21,21,10,14,23,14,20,19"},
    {"zoneName": "Zone7 - Universityy", "id": 7, "od": "7,30,30,23,21,23,19,10,19,11,15,14,20,17,20,11"},
    {"zoneName": "Zone8", "id": 8, "od": "8,32,34,26,24,26,21,19,10,23,18,18,28,21,26,23"},
    {"zoneName": "Zone9", "id": 9, "od": "9,31,27,25,22,20,21,11,23,10,18,15,13,18,16,11"},
    {"zoneName": "Zone10", "id": 10, "od": "10,21,23,15,13,16,10,15,18,18,5,11,21,12,18,17"},
    {"zoneName": "Zone11", "id": 11, "od": "11,25,26,19,16,19,14,14,18,15,11,3,19,13,16,13"},
    {"zoneName": "Zone12", "id": 12, "od": "12,26,19,24,19,17,23,20,28,13,21,19,10,15,13,16"},
    {"zoneName": "Zone13", "id": 13, "od": "13,20,21,15,11,12,14,17,21,18,12,13,15,4,12,15"},
    {"zoneName": "Zone14", "id": 14, "od": "14,23,20,21,16,14,20,20,26,16,18,16,13,12,5,14"},
    {"zoneName": "Zone15", "id": 15, "od": "15,27,28,22,18,18,19,11,23,11,17,13,16,15,14,6"}
]
